+-----------------------------------------------------------------------------------------------------------------------------------------------------------------------------------------------------------------------+
; Legal Partition Candidates                                                                                                                                                                                            ;
+------------------+-------+----------------+--------------+----------------+--------+-----------------+---------------+-----------------+-------+----------------+--------------+------------------+-------------------+
; Hierarchy        ; Input ; Constant Input ; Unused Input ; Floating Input ; Output ; Constant Output ; Unused Output ; Floating Output ; Bidir ; Constant Bidir ; Unused Bidir ; Input only Bidir ; Output only Bidir ;
+------------------+-------+----------------+--------------+----------------+--------+-----------------+---------------+-----------------+-------+----------------+--------------+------------------+-------------------+
; mem_mux          ; 65    ; 93             ; 0            ; 93             ; 32     ; 93              ; 93            ; 93              ; 0     ; 0              ; 0            ; 0                ; 0                 ;
; pipe4            ; 72    ; 132            ; 0            ; 132            ; 71     ; 132             ; 132           ; 132             ; 0     ; 0              ; 0            ; 0                ; 0                 ;
; memo             ; 67    ; 93             ; 0            ; 93             ; 32     ; 93              ; 93            ; 93              ; 0     ; 0              ; 0            ; 0                ; 0                 ;
; pipe3            ; 108   ; 159            ; 0            ; 159            ; 107    ; 159             ; 159           ; 159             ; 0     ; 0              ; 0            ; 0                ; 0                 ;
; alu_unit         ; 72    ; 31             ; 0            ; 31             ; 33     ; 31              ; 31            ; 31              ; 0     ; 0              ; 0            ; 0                ; 0                 ;
; alu_control_unit ; 9     ; 0              ; 0            ; 0              ; 3      ; 0               ; 0             ; 0               ; 0     ; 0              ; 0            ; 0                ; 0                 ;
; rd_mux           ; 11    ; 8              ; 0            ; 8              ; 5      ; 8               ; 8             ; 8               ; 0     ; 0              ; 0            ; 0                ; 0                 ;
; alu_mux          ; 65    ; 31             ; 0            ; 31             ; 32     ; 31              ; 31            ; 31              ; 0     ; 0              ; 0            ; 0                ; 0                 ;
; pipe2            ; 149   ; 178            ; 0            ; 178            ; 148    ; 178             ; 178           ; 178             ; 0     ; 0              ; 0            ; 0                ; 0                 ;
; regs_unit        ; 48    ; 31             ; 0            ; 31             ; 64     ; 31              ; 31            ; 31              ; 0     ; 0              ; 0            ; 0                ; 0                 ;
; control_signals  ; 6     ; 0              ; 0            ; 0              ; 10     ; 0               ; 0             ; 0               ; 0     ; 0              ; 0            ; 0                ; 0                 ;
; pcMux            ; 65    ; 31             ; 0            ; 31             ; 0      ; 31              ; 31            ; 31              ; 0     ; 0              ; 0            ; 0                ; 0                 ;
; pipe1            ; 65    ; 0              ; 0            ; 0              ; 64     ; 0               ; 0             ; 0               ; 0     ; 0              ; 0            ; 0                ; 0                 ;
; mem              ; 32    ; 0              ; 23           ; 0              ; 32     ; 0               ; 0             ; 0               ; 0     ; 0              ; 0            ; 0                ; 0                 ;
+------------------+-------+----------------+--------------+----------------+--------+-----------------+---------------+-----------------+-------+----------------+--------------+------------------+-------------------+
